start,end,type,measure,start_beat,duration,track,TS,measure_score
-1,3,a,0,1,4,0,2/4,0
3,7,a,2,1,4,0,2/4,2
7,15,a,4,1,8,0,2/4,4
15,23,b,8,1,8,0,2/4,8
22,27,b,12,0,5,1,2/4,12
24,31,b,13,0,7,0,2/4,13
39,43,a,20,1,4,0,2/4,20
43,51,b,22,1,8,1,2/4,22
48,55,b,25,0,7,0,2/4,25
52,59,b,27,0,7,1,2/4,27
56,63,b,29,0,7,0,2/4,29
62,66,c,32,0,4,1,2/4,32
66,70,c,34,0,4,0,2/4,34
70,74,c,36,0,4,1,2/4,36
74,82,c,38,0,8,0,2/4,38
94,98,d,48,0,4,0,2/4,48
98,102,d,50,0,4,0,2/4,50
102,106,d,52,0,4,0,2/4,52
106,115,b,54,0,9,1,2/4,54
115,124,e,58,1,9,0,2/4,58
123,132,e,62,1,9,1,2/4,62
131,137,e,66,1,6,0,2/4,66
138,142,f,70,0,4,0,2/4,70
142,146,f,72,0,4,0,2/4,72
146,150,f,74,0,4,0,2/4,74
147,153,a,74,1,6,1,2/4,74
153,157,a,77,1,4,0,2/4,77
157,160,a,79,1,3,0,2/4,79
159,162,a,80,1,3,1,2/4,80
161,164,a,81,1,3,0,2/4,81
166,175,a,84,0,9,1,2/4,84
174,183,b,88,0,9,0,2/4,88
182,186,c,92,0,4,1,2/4,92
186,190,c,94,0,4,0,2/4,94
190,194,c,96,0,4,1,2/4,96
194,198,c,98,0,4,0,2/4,98
218,227,b,110,0,9,1,2/4,110
233,237,a,118,-1,4,0,2/4,1
237,241,a,119,1,4,0,2/4,2
241,249,a,121,1,8,0,2/4,4
249,257,b,125,1,8,0,2/4,8
256,261,b,129,0,5,1,2/4,12
258,265,b,130,0,7,0,2/4,13
273,277,a,137,1,4,0,2/4,20
277,285,b,139,1,8,1,2/4,22
282,289,b,142,0,7,0,2/4,25
286,293,b,144,0,7,1,2/4,27
290,297,b,146,0,7,0,2/4,29
296,300,c,149,0,4,1,2/4,32
300,304,c,151,0,4,0,2/4,34
304,308,c,153,0,4,1,2/4,36
308,316,c,155,0,8,0,2/4,38
328,332,d,165,0,4,0,2/4,48
332,336,d,167,0,4,0,2/4,50
336,340,d,169,0,4,0,2/4,52
340,349,b,171,0,9,1,2/4,54
349,358,e,175,1,9,0,2/4,58
357,366,e,179,1,9,1,2/4,62
365,371,e,183,1,6,0,2/4,66
372,376,f,187,0,4,0,2/4,70
376,380,f,189,0,4,0,2/4,72
380,384,f,191,0,4,0,2/4,74
381,387,a,191,1,6,1,2/4,74
387,391,a,194,1,4,0,2/4,77
391,394,a,196,1,3,0,2/4,79
393,396,a,197,1,3,1,2/4,80
395,398,a,198,1,3,0,2/4,81
400,409,a,201,0,9,1,2/4,84
408,417,b,205,0,9,0,2/4,88
416,420,c,209,0,4,1,2/4,92
420,424,c,211,0,4,0,2/4,94
424,428,c,213,0,4,1,2/4,96
428,432,c,215,0,4,0,2/4,98
452,461,b,227,0,9,1,2/4,110
475,479,a,238,1,4,0,2/4,121
479,483,a,240,1,4,0,2/4,123
483,491,a,242,1,8,0,2/4,125
493,497,a,247,1,4,0,2/4,130
497,505,a,249,1,8,0,2/4,132
505,509,a,253,1,4,0,2/4,136
509,517,a,255,1,8,0,2/4,138
517,521,a,259,1,4,0,2/4,142
521,528,a,261,1,7,0,2/4,144
529,536,a,265,1,7,0,2/4,148
537,545,a,269,1,8,0,2/4,152
545,549,a,273,1,4,0,2/4,156
553,561,b,277,1,8,0,2/4,160
560,565,b,281,0,5,1,2/4,164
562,569,b,282,0,7,0,2/4,165
571,579,b,286,1,8,1,2/4,169
576,583,b,289,0,7,0,2/4,172
580,587,b,291,0,7,1,2/4,174
584,591,b,293,0,7,0,2/4,176
593,597,b,297,1,4,0,2/4,180
594,596,b,298,0,2,2,2/4,181
595,598,b,298,1,3,1,2/4,181
597,601,b,299,1,4,0,2/4,182
598,600,b,300,0,2,2,2/4,183
599,602,b,300,1,3,1,2/4,183
601,605,b,301,1,4,0,2/4,184
602,604,b,302,0,2,2,2/4,185
603,606,b,302,1,3,1,2/4,185
605,609,b,303,1,4,0,2/4,186
606,608,b,304,0,2,2,2/4,187
607,610,b,304,1,3,1,2/4,187
615,619,b,308,1,4,0,2/4,191
616,618,b,309,0,2,2,2/4,192
617,620,b,309,1,3,1,2/4,192
625,629,b,313,1,4,0,2/4,196
626,628,b,314,0,2,2,2/4,197
627,630,b,314,1,3,1,2/4,197
652,656,b,327,0,4,0,2/4,210
656,660,b,329,0,4,0,2/4,212
660,667,b,331,0,7,1,2/4,214
666,669,b,334,0,3,0,2/4,217
668,671,b,335,0,3,1,2/4,218
670,673,b,336,0,3,0,2/4,219
681,685,a,341,1,4,0,2/4,224
685,689,a,343,1,4,0,2/4,226
689,697,a,345,1,8,0,2/4,228
697,705,b,349,1,8,0,2/4,232
704,709,b,353,0,5,1,2/4,236
706,713,b,354,0,7,0,2/4,237
734,738,c,368,0,4,1,2/4,251
738,742,c,370,0,4,0,2/4,253
742,746,c,372,0,4,1,2/4,255
746,754,c,374,0,8,0,2/4,257
766,770,d,384,0,4,0,2/4,267
770,774,d,386,0,4,0,2/4,269
774,778,d,388,0,4,0,2/4,271
778,787,b,390,0,9,0,2/4,273
787,795,e,394,1,8,0,2/4,277
795,803,e,398,1,8,0,2/4,281
803,809,e,402,1,6,0,2/4,285
810,814,f,406,0,4,0,2/4,289
814,818,f,408,0,4,0,2/4,291
818,822,f,410,0,4,0,2/4,293
819,825,a,410,1,6,1,2/4,293
825,829,a,413,1,4,0,2/4,296
829,832,a,415,1,3,0,2/4,298
831,834,a,416,1,3,1,2/4,299
833,836,a,417,1,3,0,2/4,300
838,847,a,420,0,9,1,2/4,303
846,855,b,424,0,9,0,2/4,307
854,858,c,428,0,4,1,2/4,311
858,862,c,430,0,4,0,2/4,313
862,866,c,432,0,4,1,2/4,315
866,870,c,434,0,4,0,2/4,317
890,899,b,446,0,9,0,2/4,329
