start,end,type,measure,start_beat,duration,track,TS,measure_score
0,7,a,1,0,7,0,2/2,1
7,11,b,2,3,4,0,2/2,2
11,15,b,3,3,4,0,2/2,3
15,20,b,4,3,5,0,2/2,4
20,24,c,6,0,4,0,2/2,6
24,31,a,7,0,7,0,2/2,7
31,35,b,8,3,4,0,2/2,8
35,39,b,9,3,4,0,2/2,9
39,48,b,10,3,9,0,2/2,10
48,52,b,13,0,4,0,2/2,13
52,56,b,14,0,4,0,2/2,14
56,60,b,15,0,4,0,2/2,15
60,63,b,16,0,3,0,2/2,16
63,67,b,16,3,4,0,2/2,16
67,71,b,17,3,4,0,2/2,17
71,81,b,18,3,10,0,2/2,18
80,96,a,21,0,16,1,2/2,21
87,96,d,22,3,9,0,2/2,22
96,112,a,25,0,16,1,2/2,25
103,112,d,26,3,9,0,2/2,26
112,120,a,29,0,8,1,2/2,29
116,120,g,30,0,4,0,2/2,30
120,128,a,31,0,8,1,2/2,31
124,128,g,32,0,4,0,2/2,32
128,136,a,33,0,8,1,2/2,33
132,136,g,34,0,4,0,2/2,34
136,144,a,35,0,8,1,2/2,35
140,144,g,36,0,4,0,2/2,36
144,152,a,37,0,8,1,2/2,37
148,152,g,38,0,4,0,2/2,38
152,156,g,39,0,4,0,2/2,39
156,160,g,40,0,4,0,2/2,40
163,166,b,41,3,3,0,2/2,41
167,170,b,42,3,3,0,2/2,42
171,178,b,43,3,7,0,2/2,43
179,182,b,45,3,3,0,2/2,45
183,186,b,46,3,3,0,2/2,46
187,194,b,47,3,7,0,2/2,47
195,198,b,49,3,3,0,2/2,49
199,202,b,50,3,3,0,2/2,50
203,217,b,51,3,14,0,2/2,51
217,225,e,55,1,8,0,2/2,55
225,233,e,57,1,8,0,2/2,57
233,249,e,59,1,16,0,2/2,59
249,257,e,63,1,8,1,2/2,63
251,257,e,63,3,6,0,2/2,63
257,265,e,65,1,8,1,2/2,65
259,265,e,65,3,6,0,2/2,65
265,273,e,67,1,8,1,2/2,67
267,273,e,67,3,6,0,2/2,67
296,304,f,75,0,8,0,2/2,75
304,312,f,77,0,8,0,2/2,77
312,320,f,79,0,8,0,2/2,79
320,328,f,81,0,8,0,2/2,81
328,345,f,83,0,17,0,2/2,83
368,375,a,93,0,7,0,2/2,1
375,379,b,94,3,4,0,2/2,2
379,383,b,95,3,4,0,2/2,3
383,388,b,96,3,5,0,2/2,4
388,392,c,98,0,4,0,2/2,6
392,399,a,99,0,7,0,2/2,7
399,403,b,100,3,4,0,2/2,8
403,407,b,101,3,4,0,2/2,9
407,416,b,102,3,9,0,2/2,10
416,420,b,105,0,4,0,2/2,13
420,424,b,106,0,4,0,2/2,14
424,428,b,107,0,4,0,2/2,15
428,431,b,108,0,3,0,2/2,16
431,435,b,108,3,4,0,2/2,16
435,439,b,109,3,4,0,2/2,17
439,449,b,110,3,10,0,2/2,18
448,464,a,113,0,16,1,2/2,21
455,464,d,114,3,9,0,2/2,22
464,480,a,117,0,16,1,2/2,25
471,480,d,118,3,9,0,2/2,26
480,488,a,121,0,8,1,2/2,29
484,488,g,122,0,4,0,2/2,30
488,496,a,123,0,8,1,2/2,31
492,496,g,124,0,4,0,2/2,32
496,504,a,125,0,8,1,2/2,33
500,504,g,126,0,4,0,2/2,34
504,512,a,127,0,8,1,2/2,35
508,512,g,128,0,4,0,2/2,36
512,520,a,129,0,8,1,2/2,37
516,520,g,130,0,4,0,2/2,38
520,524,g,131,0,4,0,2/2,39
524,528,g,132,0,4,0,2/2,40
531,534,b,133,3,3,0,2/2,41
535,538,b,134,3,3,0,2/2,42
539,546,b,135,3,7,0,2/2,43
547,550,b,137,3,3,0,2/2,45
551,554,b,138,3,3,0,2/2,46
555,562,b,139,3,7,0,2/2,47
563,566,b,141,3,3,0,2/2,49
567,570,b,142,3,3,0,2/2,50
571,585,b,143,3,14,0,2/2,51
585,593,e,147,1,8,0,2/2,55
593,601,e,149,1,8,0,2/2,57
601,617,e,151,1,16,0,2/2,59
617,625,e,155,1,8,1,2/2,63
619,625,e,155,3,6,0,2/2,63
625,633,e,157,1,8,1,2/2,65
627,633,e,157,3,6,0,2/2,65
633,641,e,159,1,8,1,2/2,67
635,641,e,159,3,6,0,2/2,67
664,672,f,167,0,8,0,2/2,75
672,680,f,169,0,8,0,2/2,77
680,688,f,171,0,8,0,2/2,79
688,696,f,173,0,8,0,2/2,81
696,713,f,175,0,17,0,2/2,83
736,743,a,185,0,7,0,2/2,93
744,751,a,187,0,7,0,2/2,95
752,759,a,189,0,7,0,2/2,97
760,765,a,191,0,5,0,2/2,99
767,776,d,192,3,9,0,2/2,100
776,781,a,195,0,5,0,2/2,103
783,792,d,196,3,9,0,2/2,104
792,797,a,199,0,5,0,2/2,107
796,800,g,200,0,4,1,2/2,108
800,805,a,201,0,5,0,2/2,109
804,808,g,202,0,4,1,2/2,110
808,813,a,203,0,5,0,2/2,111
812,816,g,204,0,4,1,2/2,112
816,821,a,205,0,5,0,2/2,113
820,824,g,206,0,4,1,2/2,114
824,829,a,207,0,5,0,2/2,115
828,832,g,208,0,4,1,2/2,116
832,837,a,209,0,5,0,2/2,117
836,840,g,210,0,4,1,2/2,118
840,844,g,211,0,4,0,2/2,119
844,848,g,212,0,4,0,2/2,120
848,865,e,213,0,17,0,2/2,121
864,881,e,217,0,17,1,2/2,125
880,897,e,221,0,17,0,2/2,129
896,912,b,225,0,16,0,2/2,133
912,920,a,229,0,8,0,2/2,137
920,929,b,231,0,9,0,2/2,139
929,938,b,233,1,9,0,2/2,141
936,943,a,235,0,7,1,2/2,143
959,963,b,240,3,4,0,2/2,148
963,967,b,241,3,4,0,2/2,149
967,972,b,242,3,5,0,2/2,150
972,976,c,244,0,4,0,2/2,152
976,984,a,245,0,8,0,2/2,153
1000,1016,h,251,0,16,0,2/2,159
1016,1032,h,255,0,16,0,2/2,163
1032,1049,h,259,0,17,0,2/2,167
1051,1054,b,263,3,3,0,2/2,171
1055,1058,b,264,3,3,0,2/2,172
1059,1066,b,265,3,7,0,2/2,173
1067,1070,b,267,3,3,0,2/2,175
1071,1074,b,268,3,3,0,2/2,176
1075,1082,b,269,3,7,0,2/2,177
1083,1086,b,271,3,3,0,2/2,179
1087,1090,b,272,3,3,0,2/2,180
1091,1105,b,273,3,14,0,2/2,181
1105,1113,e,277,1,8,0,2/2,185
1113,1121,e,279,1,8,0,2/2,187
1121,1137,e,281,1,16,0,2/2,189
1139,1145,e,285,3,6,0,2/2,193
1147,1153,e,287,3,6,0,2/2,195
1155,1161,e,289,3,6,0,2/2,197
1184,1192,f,297,0,8,0,2/2,205
1192,1200,f,299,0,8,0,2/2,207
1200,1208,f,301,0,8,0,2/2,209
1208,1216,f,303,0,8,0,2/2,211
1216,1233,f,305,0,17,0,2/2,213
